cam0:
  T_cam_imu:
    [0.9998867519166511,      0.015044049399187139,   0.00039989904418766134,   0.059240087396307574,
    -0.01504518560006278,     0.999882287710181,      0.003008839263863046,    -0.0009451584276803938,
    -0.0003545868446357039,  -0.0030145150739243976,  0.9999953934729099,      -0.0666913667573181,
     0.0,                     0.0,                    0.0,                      1.0]
  #cam_overlaps: [1]
  camera_model: omni
  distortion_coeffs: [0.6711385962510382, 12.74476648953634, -0.0007325429487165742, -0.0004169991326278497]
  distortion_model: radtan
  intrinsics: [1197.12459604134, 1198.5870310209943, 308.64402245225887,241.52711951080227,3.320943260749003]
  resolution: [640, 480]
  rostopic: /cam0/image_raw
  timeshift_cam_imu: 0.0018663583159100822
cam1:
  T_cam_imu:
    [0.9999988155100044,    -8.872821745270887e-05,   -0.0015365890445076299,   -0.005399411073790869,
    9.417294477489324e-05,   0.9999937167272067,       0.0035436757136407555,    2.312891663648896e-07,
    0.0015362649656701904,  -0.0035438162213075547,    0.9999925406004511,      -0.06686184228071292,
    0.0,                     0.0,                      0.0,                      1.0]
  T_cn_cnm1:
    [0.9998836182486167,    -0.015138508901691503,    -0.0018909009182507043,   -0.06477301906088707,
    0.015139534265720992,    0.9998852506781959,       0.0005291298642113928,    8.370232135385465e-05,
    0.001882673701493226,   -0.000557695642396028,     0.9999980722557914,      -0.0002826609526423597,
    0.0,                     0.0,                      0.0,                      1.0]
  #cam_overlaps: [0]
  camera_model: omni
  distortion_coeffs: [0.6146525338247751, 9.82254439753614, -0.0030489256600397816, -0.0006261749149301344]
  distortion_model: radtan
  intrinsics: [1156.155884990171, 1156.8792679334422, 312.5389578686975, 245.7838100037467, 3.1748677996923704]
  resolution: [640, 480]
  rostopic: /cam1/image_raw
  timeshift_cam_imu: 0.0016981679875503921
T_imu_body:
  [1.0000, 0.0000, 0.0000, 0.0000,
  0.0000, 1.0000, 0.0000, 0.0000,
  0.0000, 0.0000, 1.0000, 0.0000,
  0.0000, 0.0000, 0.0000, 1.0000]
